1763871772153728921
1787067389444139173
1780000728824460201
1762866567101622679
1789462063786299761
1784049287547058201
1783918331661819052
1782865888062408709
1776993542160251586
1775676175421297442
1775485445109219819
1775179248644151386
1774637379472552768
1771573186660752360
1771141155707601835
1771139535162782182
1770121267153091207
1769328533840240930
1767078251350948422
1765977895661261360
1765959710417410147
1765931624519110113
1765391108546208166
1765389468539587790
1761832189216327358
1790024830901693666
1775135336587158944
1774426602936213181
1790917161193466001
1784501239313348425
1781994836548111894
1781027096152426358
1780275370088499392
1779450178944699931
1779311253028427715
1799422143689645614
